{ 
"nx" : [63],
"nu" : [114],
"ne" : [17],
"nv" : [97],
"nd" : [88],
"N" : [24],
"matL" : [0, 0, 0, 0, 0, 0, 0, 0, 0, 0, 0, 0, 0, 0, 0, 0, 0, 1, 0, 0, 0, 0, 0, 0, 0, 0, 0, 0, 0, 0, 0, 0, 0, 0, 0, 0, 0, 0, 0, 0, 0, 0, 0, 0, 0, 0, 0, 0, 0, 0, 0, 0, 0, 0, 0, 0, 0, 0, 0, 0, 0, 0, 0, 0, 0, 0, 0, 0, 0, 0, 0, 0, 0, 0, 0, 0, 0, 0, 0, 0, 0, 0, 0, 0, 0, 0, 0, 0, 0, 0, 0, 0, 0, 0, 0, 0, 0, 0, 0, 0, 0, 0, 0, 0, 0, 0, 0, 0, 0, 0, 0, 0, 0, 0, 
0, 0, 0, 0, 0, 0, 0, 0, 0, 0, 0, 0, 0, 0, 0, 0, 0, 0, 1, 0, 0, 0, 0, 0, 0, 0, 0, 0, 0, 0, 0, 0, 0, 0, 0, 0, 0, 0, 0, 0, 0, 0, 0, 0, 0, 0, 0, 0, 0, 0, 0, 0, 0, 0, 0, 0, 0, 0, 0, 0, 0, 0, 0, 0, 0, 0, 0, 0, 0, 0, 0, 0, 0, 0, 0, 0, 0, 0, 0, 0, 0, 0, 0, 0, 0, 0, 0, 0, 0, 0, 0, 0, 0, 0, 0, 0, 0, 0, 0, 0, 0, 0, 0, 0, 0, 0, 0, 0, 0, 0, 0, 0, 0, 0, 
0, 0, 0, 0, 0, 0, 0, 0, 0, 0, 0, 0, 0, 0, 0, 0, 0, 0, 0, 1, 0, 0, 0, 0, 0, 0, 0, 0, 0, 0, 0, 0, 0, 0, 0, 0, 0, 0, 0, 0, 0, 0, 0, 0, 0, 0, 0, 0, 0, 0, 0, 0, 0, 0, 0, 0, 0, 0, 0, 0, 0, 0, 0, 0, 0, 0, 0, 0, 0, 0, 0, 0, 0, 0, 0, 0, 0, 0, 0, 0, 0, 0, 0, 0, 0, 0, 0, 0, 0, 0, 0, 0, 0, 0, 0, 0, 0, 0, 0, 0, 0, 0, 0, 0, 0, 0, 0, 0, 0, 0, 0, 0, 0, 0, 
0, 0, 0, 0, 0, 0, 0, 0, 0, 0, 0, 0, 0, 0, 0, 0, 0, 0, 0, 0, 1, 0, 0, 0, 0, 0, 0, 0, 0, 0, 0, 0, 0, 0, 0, 0, 0, 0, 0, 0, 0, 0, 0, 0, 0, 0, 0, 0, 0, 0, 0, 0, 0, 0, 0, 0, 0, 0, 0, 0, 0, 0, 0, 0, 0, 0, 0, 0, 0, 0, 0, 0, 0, 0, 0, 0, 0, 0, 0, 0, 0, 0, 0, 0, 0, 0, 0, 0, 0, 0, 0, 0, 0, 0, 0, 0, 0, 0, 0, 0, 0, 0, 0, 0, 0, 0, 0, 0, 0, 0, 0, 0, 0, 0, 
0, 0, 0, 0, 0, 0, 0, 0, 0, 0, 0, 0, 0, 0, 0, 0, 0, 0, 0, 0, 0, 1, 0, 0, 0, 0, 0, 0, 0, 0, 0, 0, 0, 0, 0, 0, 0, 0, 0, 0, 0, 0, 0, 0, 0, 0, 0, 0, 0, 0, 0, 0, 0, 0, 0, 0, 0, 0, 0, 0, 0, 0, 0, 0, 0, 0, 0, 0, 0, 0, 0, 0, 0, 0, 0, 0, 0, 0, 0, 0, 0, 0, 0, 0, 0, 0, 0, 0, 0, 0, 0, 0, 0, 0, 0, 0, 0, 0, 0, 0, 0, 0, 0, 0, 0, 0, 0, 0, 0, 0, 0, 0, 0, 0, 
0, 0, 0, 0, 0, 0, 0, 0, 0, 0, 0, 0, 0, 0, 0, 0, 0, 0, 0, 0, 0, 0, 1, 0, 0, 0, 0, 0, 0, 0, 0, 0, 0, 0, 0, 0, 0, 0, 0, 0, 0, 0, 0, 0, 0, 0, 0, 0, 0, 0, 0, 0, 0, 0, 0, 0, 0, 0, 0, 0, 0, 0, 0, 0, 0, 0, 0, 0, 0, 0, 0, 0, 0, 0, 0, 0, 0, 0, 0, 0, 0, 0, 0, 0, 0, 0, 0, 0, 0, 0, 0, 0, 0, 0, 0, 0, 0, 0, 0, 0, 0, 0, 0, 0, 0, 0, 0, 0, 0, 0, 0, 0, 0, 0, 
0, 0, 0, 0, 0, 0, 0, 0, 0, 0, 0, 0, 0, 0, 0, 0, 0, 0, 0, 0, 0, 0, 0, 1, 0, 0, 0, 0, 0, 0, 0, 0, 0, 0, 0, 0, 0, 0, 0, 0, 0, 0, 0, 0, 0, 0, 0, 0, 0, 0, 0, 0, 0, 0, 0, 0, 0, 0, 0, 0, 0, 0, 0, 0, 0, 0, 0, 0, 0, 0, 0, 0, 0, 0, 0, 0, 0, 0, 0, 0, 0, 0, 0, 0, 0, 0, 0, 0, 0, 0, 0, 0, 0, 0, 0, 0, 0, 0, 0, 0, 0, 0, 0, 0, 0, 0, 0, 0, 0, 0, 0, 0, 0, 0, 
-4.472136e-01, -1.490712e-01, 0, 0, 0, 0, 0, 0, 0, 0, 0, 0, 0, 0, 0, 0, 0, 0, 0, 0, 0, 0, 0, 0, 7.777778e-01, 1.111111e-01, 1.111111e-01, 2.222222e-01, 2.222222e-01, 0, 0, 0, 0, 0, 0, 0, 0, 0, 0, 0, 0, 0, 0, 0, 0, 0, 0, 0, 0, 0, 0, 0, 0, 0, 0, 0, 0, 0, 0, 0, 0, 0, 0, 0, 0, 0, 0, 0, 0, 0, 0, 0, 0, 0, 0, 0, 0, 0, 0, 0, 0, 0, 0, 0, 0, 0, 0, 0, 0, 0, 0, 0, 0, 0, 0, 0, 0, 0, 0, 0, 0, 0, 0, 0, 2.222222e-01, 0, 0, 0, 0, 0, 0, 0, 0, 0, 
2.775558e-17, 7.453560e-01, 0, 0, 0, 0, 0, 0, 0, 0, 0, 0, 0, 0, 0, 0, 0, 0, 0, 0, 0, 0, 0, 0, 1.111111e-01, 4.444444e-01, 4.444444e-01, -1.111111e-01, -1.111111e-01, 0, 0, 0, 0, 0, 0, 0, 0, 0, 0, 0, 0, 0, 0, 0, 0, 0, 0, 0, 0, 0, 0, 0, 0, 0, 0, 0, 0, 0, 0, 0, 0, 0, 0, 0, 0, 0, 0, 0, 0, 0, 0, 0, 0, 0, 0, 0, 0, 0, 0, 0, 0, 0, 0, 0, 0, 0, 0, 0, 0, 0, 0, 0, 0, 0, 0, 0, 0, 0, 0, 0, 0, 0, 0, 0, -1.111111e-01, 0, 0, 0, 0, 0, 0, 0, 0, 0, 
4.472136e-01, -5.962848e-01, 0, 0, 0, 0, 0, 0, 0, 0, 0, 0, 0, 0, 0, 0, 0, 0, 0, 0, 0, 0, 0, 0, 1.111111e-01, 4.444444e-01, 4.444444e-01, -1.111111e-01, -1.111111e-01, 0, 0, 0, 0, 0, 0, 0, 0, 0, 0, 0, 0, 0, 0, 0, 0, 0, 0, 0, 0, 0, 0, 0, 0, 0, 0, 0, 0, 0, 0, 0, 0, 0, 0, 0, 0, 0, 0, 0, 0, 0, 0, 0, 0, 0, 0, 0, 0, 0, 0, 0, 0, 0, 0, 0, 0, 0, 0, 0, 0, 0, 0, 0, 0, 0, 0, 0, 0, 0, 0, 0, 0, 0, 0, 0, -1.111111e-01, 0, 0, 0, 0, 0, 0, 0, 0, 0, 
4.472136e-01, 1.490712e-01, 0, 0, 0, 0, 0, 0, 0, 0, 0, 0, 0, 0, 0, 0, 0, 0, 0, 0, 0, 0, 0, 0, 2.222222e-01, -1.111111e-01, -1.111111e-01, 7.777778e-01, -2.222222e-01, 0, 0, 0, 0, 0, 0, 0, 0, 0, 0, 0, 0, 0, 0, 0, 0, 0, 0, 0, 0, 0, 0, 0, 0, 0, 0, 0, 0, 0, 0, 0, 0, 0, 0, 0, 0, 0, 0, 0, 0, 0, 0, 0, 0, 0, 0, 0, 0, 0, 0, 0, 0, 0, 0, 0, 0, 0, 0, 0, 0, 0, 0, 0, 0, 0, 0, 0, 0, 0, 0, 0, 0, 0, 0, 0, -2.222222e-01, 0, 0, 0, 0, 0, 0, 0, 0, 0, 
4.472136e-01, 1.490712e-01, 0, 0, 0, 0, 0, 0, 0, 0, 0, 0, 0, 0, 0, 0, 0, 0, 0, 0, 0, 0, 0, 0, 2.222222e-01, -1.111111e-01, -1.111111e-01, -2.222222e-01, 7.777778e-01, 0, 0, 0, 0, 0, 0, 0, 0, 0, 0, 0, 0, 0, 0, 0, 0, 0, 0, 0, 0, 0, 0, 0, 0, 0, 0, 0, 0, 0, 0, 0, 0, 0, 0, 0, 0, 0, 0, 0, 0, 0, 0, 0, 0, 0, 0, 0, 0, 0, 0, 0, 0, 0, 0, 0, 0, 0, 0, 0, 0, 0, 0, 0, 0, 0, 0, 0, 0, 0, 0, 0, 0, 0, 0, 0, -2.222222e-01, 0, 0, 0, 0, 0, 0, 0, 0, 0, 
0, 0, 0, 0, 0, 0, 0, 0, 0, 0, 0, 0, 0, 0, 0, 0, 0, 0, 0, 0, 0, 0, 0, 0, 0, 0, 0, 0, 0, 1, 0, 0, 0, 0, 0, 0, 0, 0, 0, 0, 0, 0, 0, 0, 0, 0, 0, 0, 0, 0, 0, 0, 0, 0, 0, 0, 0, 0, 0, 0, 0, 0, 0, 0, 0, 0, 0, 0, 0, 0, 0, 0, 0, 0, 0, 0, 0, 0, 0, 0, 0, 0, 0, 0, 0, 0, 0, 0, 0, 0, 0, 0, 0, 0, 0, 0, 0, 0, 0, 0, 0, 0, 0, 0, 0, 0, 0, 0, 0, 0, 0, 0, 0, 0, 
0, 0, 0, 0, 0, 0, 0, 0, 0, 0, 0, 0, 0, 0, 0, 0, 0, 0, 0, 0, 0, 0, 0, 0, 0, 0, 0, 0, 0, 0, 1, 0, 0, 0, 0, 0, 0, 0, 0, 0, 0, 0, 0, 0, 0, 0, 0, 0, 0, 0, 0, 0, 0, 0, 0, 0, 0, 0, 0, 0, 0, 0, 0, 0, 0, 0, 0, 0, 0, 0, 0, 0, 0, 0, 0, 0, 0, 0, 0, 0, 0, 0, 0, 0, 0, 0, 0, 0, 0, 0, 0, 0, 0, 0, 0, 0, 0, 0, 0, 0, 0, 0, 0, 0, 0, 0, 0, 0, 0, 0, 0, 0, 0, 0, 
0, 0, 0, 0, 0, 0, 0, 0, 0, 0, 0, 0, 0, 0, 0, 0, 0, 0, 0, 0, 0, 0, 0, 0, 0, 0, 0, 0, 0, 0, 0, 1, 0, 0, 0, 0, 0, 0, 0, 0, 0, 0, 0, 0, 0, 0, 0, 0, 0, 0, 0, 0, 0, 0, 0, 0, 0, 0, 0, 0, 0, 0, 0, 0, 0, 0, 0, 0, 0, 0, 0, 0, 0, 0, 0, 0, 0, 0, 0, 0, 0, 0, 0, 0, 0, 0, 0, 0, 0, 0, 0, 0, 0, 0, 0, 0, 0, 0, 0, 0, 0, 0, 0, 0, 0, 0, 0, 0, 0, 0, 0, 0, 0, 0, 
0, 0, -4.472136e-01, -1.490712e-01, -1.333333e-01, 4.336809e-18, 3.700448e-05, 3.700448e-05, 3.700448e-05, 3.700448e-05, 2.710505e-20, 0, 1.608569e-19, -1.451702e-18, -3.474899e-02, -4.108299e-02, -6.468017e-03, 0, 0, 0, 0, 0, 0, 0, 0, 0, 0, 0, 0, 0, 0, 0, 7.570629e-01, 0, 0, 2.429371e-01, 0, 0, 0, 2.429371e-01, -1.497200e-01, 0, 0, 6.119041e-03, 6.119041e-03, -7.114396e-02, -7.857606e-02, 1.464107e-02, 1.464107e-02, -7.432098e-03, -7.432098e-03, 1.595413e-02, -2.207317e-02, 6.119041e-03, 8.522032e-03, 6.119041e-03, 1.464107e-02, -1.464107e-02, 1.171286e-02, 0, 2.928214e-03, 2.928214e-03, 2.928214e-03, 2.928214e-03, 0, 1.464107e-02, 0, 0, 0, 1.825246e-02, 3.820712e-03, -3.820712e-03, 0, -3.820712e-03, -4.716417e-21, 4.716417e-21, 4.716417e-21, 0, 2.220269e-04, 0, 6.383272e-04, -2.220269e-04, -6.290761e-04, 2.969609e-03, 3.820712e-03, 8.511030e-04, -8.511030e-04, 0, 0, 1.850224e-04, 3.700448e-05, 0, 0, 0, -2.127757e-04, 2.127757e-04, -2.127757e-04, 0, 0, 0, 0, 0, 0, 0, 0, 6.210252e-21, 6.210252e-21, 0, 0, -6.210252e-21, 0, 0, 1.214686e-01, -1.214686e-01, 
0, 0, 0, 0, 0, 0, 0, 0, 0, 0, 0, 0, 0, 0, 0, 0, 0, 0, 0, 0, 0, 0, 0, 0, 0, 0, 0, 0, 0, 0, 0, 0, 0, 1, 0, 0, 0, 0, 0, 0, 0, 0, 0, 0, 0, 0, 0, 0, 0, 0, 0, 0, 0, 0, 0, 0, 0, 0, 0, 0, 0, 0, 0, 0, 0, 0, 0, 0, 0, 0, 0, 0, 0, 0, 0, 0, 0, 0, 0, 0, 0, 0, 0, 0, 0, 0, 0, 0, 0, 0, 0, 0, 0, 0, 0, 0, 0, 0, 0, 0, 0, 0, 0, 0, 0, 0, 0, 0, 0, 0, 0, 0, 0, 0, 
0, 0, 0, 0, 0, 0, 0, 0, 0, 0, 0, 0, 0, 0, 0, 0, 0, 0, 0, 0, 0, 0, 0, 0, 0, 0, 0, 0, 0, 0, 0, 0, 0, 0, 1, 0, 0, 0, 0, 0, 0, 0, 0, 0, 0, 0, 0, 0, 0, 0, 0, 0, 0, 0, 0, 0, 0, 0, 0, 0, 0, 0, 0, 0, 0, 0, 0, 0, 0, 0, 0, 0, 0, 0, 0, 0, 0, 0, 0, 0, 0, 0, 0, 0, 0, 0, 0, 0, 0, 0, 0, 0, 0, 0, 0, 0, 0, 0, 0, 0, 0, 0, 0, 0, 0, 0, 0, 0, 0, 0, 0, 0, 0, 0, 
0, 0, 4.472136e-01, 1.490712e-01, 1.333333e-01, -4.336809e-18, -3.700448e-05, -3.700448e-05, -3.700448e-05, -3.700448e-05, -2.710505e-20, 0, -1.608569e-19, 1.451702e-18, 3.474899e-02, 4.108299e-02, 6.468017e-03, 0, 0, 0, 0, 0, 0, 0, 0, 0, 0, 0, 0, 0, 0, 0, 2.429371e-01, 0, 0, 7.570629e-01, 0, 0, 0, -2.429371e-01, 1.497200e-01, 0, 0, -6.119041e-03, -6.119041e-03, 7.114396e-02, 7.857606e-02, -1.464107e-02, -1.464107e-02, 7.432098e-03, 7.432098e-03, -1.595413e-02, 2.207317e-02, -6.119041e-03, -8.522032e-03, -6.119041e-03, -1.464107e-02, 1.464107e-02, -1.171286e-02, 0, -2.928214e-03, -2.928214e-03, -2.928214e-03, -2.928214e-03, 0, -1.464107e-02, 0, 0, 0, -1.825246e-02, -3.820712e-03, 3.820712e-03, 0, 3.820712e-03, 4.716417e-21, -4.716417e-21, -4.716417e-21, 0, -2.220269e-04, 0, -6.383272e-04, 2.220269e-04, 6.290761e-04, -2.969609e-03, -3.820712e-03, -8.511030e-04, 8.511030e-04, 0, 0, -1.850224e-04, -3.700448e-05, 0, 0, 0, 2.127757e-04, -2.127757e-04, 2.127757e-04, 0, 0, 0, 0, 0, 0, 0, 0, -6.210252e-21, -6.210252e-21, 0, 0, 6.210252e-21, 0, 0, -1.214686e-01, 1.214686e-01, 
0, 0, 0, 0, 0, 0, 0, 0, 0, 0, 0, 0, 0, 0, 0, 0, 0, 0, 0, 0, 0, 0, 0, 0, 0, 0, 0, 0, 0, 0, 0, 0, 0, 0, 0, 0, 1, 0, 0, 0, 0, 0, 0, 0, 0, 0, 0, 0, 0, 0, 0, 0, 0, 0, 0, 0, 0, 0, 0, 0, 0, 0, 0, 0, 0, 0, 0, 0, 0, 0, 0, 0, 0, 0, 0, 0, 0, 0, 0, 0, 0, 0, 0, 0, 0, 0, 0, 0, 0, 0, 0, 0, 0, 0, 0, 0, 0, 0, 0, 0, 0, 0, 0, 0, 0, 0, 0, 0, 0, 0, 0, 0, 0, 0, 
0, 0, 0, 0, 0, 0, 0, 0, 0, 0, 0, 0, 0, 0, 0, 0, 0, 0, 0, 0, 0, 0, 0, 0, 0, 0, 0, 0, 0, 0, 0, 0, 0, 0, 0, 0, 0, 1, 0, 0, 0, 0, 0, 0, 0, 0, 0, 0, 0, 0, 0, 0, 0, 0, 0, 0, 0, 0, 0, 0, 0, 0, 0, 0, 0, 0, 0, 0, 0, 0, 0, 0, 0, 0, 0, 0, 0, 0, 0, 0, 0, 0, 0, 0, 0, 0, 0, 0, 0, 0, 0, 0, 0, 0, 0, 0, 0, 0, 0, 0, 0, 0, 0, 0, 0, 0, 0, 0, 0, 0, 0, 0, 0, 0, 
0, 0, 0, 0, 0, 0, 0, 0, 0, 0, 0, 0, 0, 0, 0, 0, 0, 0, 0, 0, 0, 0, 0, 0, 0, 0, 0, 0, 0, 0, 0, 0, 0, 0, 0, 0, 0, 0, 1, 0, 0, 0, 0, 0, 0, 0, 0, 0, 0, 0, 0, 0, 0, 0, 0, 0, 0, 0, 0, 0, 0, 0, 0, 0, 0, 0, 0, 0, 0, 0, 0, 0, 0, 0, 0, 0, 0, 0, 0, 0, 0, 0, 0, 0, 0, 0, 0, 0, 0, 0, 0, 0, 0, 0, 0, 0, 0, 0, 0, 0, 0, 0, 0, 0, 0, 0, 0, 0, 0, 0, 0, 0, 0, 0, 
0, 0, 4.472136e-01, 1.490712e-01, 1.333333e-01, -3.903128e-18, -3.700448e-05, -3.700448e-05, -3.700448e-05, -3.700448e-05, -2.710505e-20, 0, -3.572361e-19, -3.736871e-20, 3.474899e-02, 4.108299e-02, 6.468017e-03, 0, 0, 0, 0, 0, 0, 0, 0, 0, 0, 0, 0, 0, 0, 0, 2.429371e-01, 0, 0, -2.429371e-01, 0, 0, 0, 7.570629e-01, 1.497200e-01, 0, 0, -6.119041e-03, -6.119041e-03, 7.114396e-02, 7.857606e-02, -1.464107e-02, -1.464107e-02, 7.432098e-03, 7.432098e-03, -1.595413e-02, 2.207317e-02, -6.119041e-03, -8.522032e-03, -6.119041e-03, -1.464107e-02, 1.464107e-02, -1.171286e-02, 0, -2.928214e-03, -2.928214e-03, -2.928214e-03, -2.928214e-03, 0, -1.464107e-02, 0, 0, 0, -1.825246e-02, -3.820712e-03, 3.820712e-03, 0, 3.820712e-03, 3.668126e-21, -3.668126e-21, -3.668126e-21, 0, -2.220269e-04, 0, -6.383272e-04, 2.220269e-04, 6.290761e-04, -2.969609e-03, -3.820712e-03, -8.511030e-04, 8.511030e-04, 0, 0, -1.850224e-04, -3.700448e-05, 0, 0, 0, 2.127757e-04, -2.127757e-04, 2.127757e-04, 0, 0, 0, 0, 0, 0, 0, 0, -4.637815e-21, -4.637815e-21, 0, 0, 4.637815e-21, 0, 0, -1.214686e-01, 1.214686e-01, 
0, 0, -4.472136e-01, -1.490712e-01, 4.666667e-01, -1.908196e-17, -1.295157e-04, -1.295157e-04, -1.295157e-04, -1.295157e-04, -1.084202e-19, 0, -1.496707e-18, -6.066344e-19, 1.216215e-01, 1.437905e-01, 2.263806e-02, 0, 0, 0, 0, 0, 0, 0, 0, 0, 0, 0, 0, 0, 0, 0, -1.497200e-01, 0, 0, 1.497200e-01, 0, 0, 0, 1.497200e-01, 5.240200e-01, 0, 0, -2.141664e-02, -2.141664e-02, 2.490038e-01, 2.750162e-01, -5.124375e-02, -5.124375e-02, 2.601234e-02, 2.601234e-02, -5.583946e-02, 7.725610e-02, -2.141664e-02, -2.982711e-02, -2.141664e-02, -5.124375e-02, 5.124375e-02, -4.099500e-02, 0, -1.024875e-02, -1.024875e-02, -1.024875e-02, -1.024875e-02, 0, -5.124375e-02, 0, 0, 0, -6.388361e-02, -1.337249e-02, 1.337249e-02, 0, 1.337249e-02, 8.766902e-21, -8.766902e-21, -8.766902e-21, 0, -7.770940e-04, 0, -2.234145e-03, 7.770940e-04, 2.201766e-03, -1.039363e-02, -1.337249e-02, -2.978860e-03, 2.978860e-03, 0, 0, -6.475784e-04, -1.295157e-04, 0, 0, 0, 7.447151e-04, -7.447151e-04, 7.447151e-04, 0, 0, 0, 0, 0, 0, 0, 0, -2.401928e-20, -2.401928e-20, 0, 0, 2.401928e-20, 0, 0, 7.486001e-02, -7.486001e-02, 
0, 0, 0, 0, 0, 0, 0, 0, 0, 0, 0, 0, 0, 0, 0, 0, 0, 0, 0, 0, 0, 0, 0, 0, 0, 0, 0, 0, 0, 0, 0, 0, 0, 0, 0, 0, 0, 0, 0, 0, 0, 1, 0, 0, 0, 0, 0, 0, 0, 0, 0, 0, 0, 0, 0, 0, 0, 0, 0, 0, 0, 0, 0, 0, 0, 0, 0, 0, 0, 0, 0, 0, 0, 0, 0, 0, 0, 0, 0, 0, 0, 0, 0, 0, 0, 0, 0, 0, 0, 0, 0, 0, 0, 0, 0, 0, 0, 0, 0, 0, 0, 0, 0, 0, 0, 0, 0, 0, 0, 0, 0, 0, 0, 0, 
0, 0, 0, 0, 0, 0, 0, 0, 0, 0, 0, 0, 0, 0, 0, 0, 0, 0, 0, 0, 0, 0, 0, 0, 0, 0, 0, 0, 0, 0, 0, 0, 0, 0, 0, 0, 0, 0, 0, 0, 0, 0, 1, 0, 0, 0, 0, 0, 0, 0, 0, 0, 0, 0, 0, 0, 0, 0, 0, 0, 0, 0, 0, 0, 0, 0, 0, 0, 0, 0, 0, 0, 0, 0, 0, 0, 0, 0, 0, 0, 0, 0, 0, 0, 0, 0, 0, 0, 0, 0, 0, 0, 0, 0, 0, 0, 0, 0, 0, 0, 0, 0, 0, 0, 0, 0, 0, 0, 0, 0, 0, 0, 0, 0, 
0, 0, -1.734723e-18, -1.301043e-18, 1.219727e-18, 4.082483e-01, -7.709266e-05, -7.709266e-05, -7.709266e-05, -7.709266e-05, -5.421011e-20, 0, -6.661914e-19, -4.422174e-19, 7.239373e-02, 8.558956e-02, 1.347504e-02, 0, 0, 0, 0, 0, 0, 0, 0, 0, 0, 0, 0, 0, 0, 0, 6.119041e-03, 0, 0, -6.119041e-03, 0, 0, 0, -6.119041e-03, -2.141664e-02, 0, 0, 8.205853e-01, -1.794147e-01, -1.845009e-02, -2.966552e-03, -3.050223e-02, -3.050223e-02, 1.548354e-02, 1.548354e-02, 1.334289e-01, 4.598577e-02, -1.794147e-01, 1.489124e-01, -1.794147e-01, -3.050223e-02, 3.050223e-02, -2.440179e-02, 0, -6.100447e-03, -6.100447e-03, -6.100447e-03, -6.100447e-03, 0, -3.050223e-02, 0, 0, 0, -3.802596e-02, -7.959817e-03, 7.959817e-03, 0, 7.959817e-03, 1.090362e-20, -1.090362e-20, -1.090362e-20, 0, -4.625560e-04, 0, -1.329848e-03, 4.625560e-04, 1.310575e-03, -6.186686e-03, -7.959817e-03, -1.773131e-03, 1.773131e-03, 0, 0, -3.854633e-04, -7.709266e-05, 0, 0, 0, 4.432828e-04, -4.432828e-04, 4.432828e-04, 0, 0, 0, 0, 0, 0, 0, 0, -1.006127e-20, -1.006127e-20, 0, 0, 1.006127e-20, 0, 0, -3.059520e-03, 3.059520e-03, 
0, 0, -1.734723e-18, -1.301043e-18, 1.219727e-18, 4.082483e-01, -7.709266e-05, -7.709266e-05, -7.709266e-05, -7.709266e-05, -5.421011e-20, 0, -6.661914e-19, -4.422174e-19, 7.239373e-02, 8.558956e-02, 1.347504e-02, 0, 0, 0, 0, 0, 0, 0, 0, 0, 0, 0, 0, 0, 0, 0, 6.119041e-03, 0, 0, -6.119041e-03, 0, 0, 0, -6.119041e-03, -2.141664e-02, 0, 0, -1.794147e-01, 8.205853e-01, -1.845009e-02, -2.966552e-03, -3.050223e-02, -3.050223e-02, 1.548354e-02, 1.548354e-02, 1.334289e-01, 4.598577e-02, -1.794147e-01, 1.489124e-01, -1.794147e-01, -3.050223e-02, 3.050223e-02, -2.440179e-02, 0, -6.100447e-03, -6.100447e-03, -6.100447e-03, -6.100447e-03, 0, -3.050223e-02, 0, 0, 0, -3.802596e-02, -7.959817e-03, 7.959817e-03, 0, 7.959817e-03, 1.090362e-20, -1.090362e-20, -1.090362e-20, 0, -4.625560e-04, 0, -1.329848e-03, 4.625560e-04, 1.310575e-03, -6.186686e-03, -7.959817e-03, -1.773131e-03, 1.773131e-03, 0, 0, -3.854633e-04, -7.709266e-05, 0, 0, 0, 4.432828e-04, -4.432828e-04, 4.432828e-04, 0, 0, 0, 0, 0, 0, 0, 0, -1.006127e-20, -1.006127e-20, 0, 0, 1.006127e-20, 0, 0, -3.059520e-03, 3.059520e-03, 
0, 0, -1.734723e-17, 3.469447e-18, -6.000000e-01, -1.127570e-17, -1.969914e-04, -1.969914e-04, -1.969914e-04, -1.969914e-04, -2.168404e-19, 0, -9.810759e-19, 7.603418e-18, 2.779919e-01, -1.909433e-02, -3.006170e-03, 0, 0, 0, 0, 0, 0, 0, 0, 0, 0, 0, 0, 0, 0, 0, -7.114396e-02, 0, 0, 7.114396e-02, 0, 0, 0, 7.114396e-02, 2.490038e-01, 0, 0, -1.845009e-02, -1.845009e-02, 5.623469e-01, -3.133430e-01, 6.804799e-03, 6.804799e-03, 1.243101e-01, 1.243101e-01, -9.905525e-02, 1.175053e-01, -1.845009e-02, 2.525489e-02, -1.845009e-02, 6.804799e-03, -6.804799e-03, 5.443840e-03, 0, 1.360960e-03, 1.360960e-03, 1.360960e-03, 1.360960e-03, 0, 6.804799e-03, 0, 0, 0, -9.716598e-02, -2.033936e-02, 2.033936e-02, 0, 2.033936e-02, 2.337073e-20, -2.337073e-20, -2.337073e-20, 0, -1.181948e-03, 0, -3.398101e-03, 1.181948e-03, 3.348853e-03, -1.580856e-02, -2.033936e-02, -4.530801e-03, 4.530801e-03, 0, 0, -9.849568e-04, -1.969914e-04, 0, 0, 0, 1.132700e-03, -1.132700e-03, 1.132700e-03, 0, 0, 0, 0, 0, 0, 0, 0, -3.597569e-20, -3.597569e-20, 0, 0, 3.597569e-20, 0, 0, 3.557198e-02, -3.557198e-02, 
0, 0, -6.938894e-18, -3.469447e-18, -6.000000e-01, -6.505213e-18, 6.747568e-05, 6.747568e-05, 6.747568e-05, 6.747568e-05, -5.421011e-20, 0, -2.117582e-22, 2.635464e-18, -1.563705e-01, 1.628848e-01, 2.564423e-02, 0, 0, 0, 0, 0, 0, 0, 0, 0, 0, 0, 0, 0, 0, 0, -7.857606e-02, 0, 0, 7.857606e-02, 0, 0, 0, 7.857606e-02, 2.750162e-01, 0, 0, -2.966552e-03, -2.966552e-03, -3.133430e-01, 5.883592e-01, -5.804855e-02, -5.804855e-02, -9.829780e-02, -9.829780e-02, 4.321579e-02, -4.024924e-02, -2.966552e-03, -5.508200e-02, -2.966552e-03, -5.804855e-02, 5.804855e-02, -4.643884e-02, 0, -1.160971e-02, -1.160971e-02, -1.160971e-02, -1.160971e-02, 0, -5.804855e-02, 0, 0, 0, 3.328238e-02, 6.966864e-03, -6.966864e-03, 0, -6.966864e-03, -6.536019e-21, 6.536019e-21, 6.536019e-21, 0, 4.048541e-04, 0, 1.163955e-03, -4.048541e-04, -1.147087e-03, 5.414923e-03, 6.966864e-03, 1.551941e-03, -1.551941e-03, 0, 0, 3.373784e-04, 6.747568e-05, 0, 0, 0, -3.879852e-04, 3.879852e-04, -3.879852e-04, 0, 0, 0, 0, 0, 0, 0, 0, 1.090813e-20, 1.090813e-20, 0, 0, -1.090813e-20, 0, 0, 3.928803e-02, -3.928803e-02, 
0, 0, -2.168404e-18, -4.336809e-18, -3.469447e-18, -2.775558e-17, -9.904447e-05, -9.904447e-05, -9.904447e-05, -9.904447e-05, -3.252607e-19, 0, -1.195058e-18, -4.899689e-18, -4.881620e-17, 3.477582e-01, 5.475031e-02, 0, 0, 0, 0, 0, 0, 0, 0, 0, 0, 0, 0, 0, 0, 0, 1.464107e-02, 0, 0, -1.464107e-02, 0, 0, 0, -1.464107e-02, -5.124375e-02, 0, 0, -3.050223e-02, -3.050223e-02, 6.804799e-03, -5.804855e-02, 8.760666e-01, -1.239334e-01, -6.485335e-02, -6.485335e-02, -2.857779e-02, 5.908003e-02, -3.050223e-02, -9.343114e-02, -3.050223e-02, -1.239334e-01, 1.239334e-01, -9.914670e-02, 0, -2.478668e-02, -2.478668e-02, -2.478668e-02, -2.478668e-02, 0, -1.239334e-01, 0, 0, 0, -4.885369e-02, -1.022634e-02, 1.022634e-02, 0, 1.022634e-02, 1.106520e-20, -1.106520e-20, -1.106520e-20, 0, -5.942668e-04, 0, -1.708517e-03, 5.942668e-04, 1.683756e-03, -7.948319e-03, -1.022634e-02, -2.278023e-03, 2.278023e-03, 0, 0, -4.952224e-04, -9.904447e-05, 0, 0, 0, 5.695057e-04, -5.695057e-04, 5.695057e-04, 0, 0, 0, 0, 0, 0, 0, 0, -1.662541e-20, -1.662541e-20, 0, 0, 1.662541e-20, 0, 0, -7.320536e-03, 7.320536e-03, 
0, 0, -3.035766e-18, -6.071532e-18, 3.306817e-18, -2.255141e-17, -9.904447e-05, -9.904447e-05, -9.904447e-05, -9.904447e-05, -1.084202e-19, 0, -2.089736e-18, -3.290379e-18, -5.242118e-17, 3.477582e-01, 5.475031e-02, 0, 0, 0, 0, 0, 0, 0, 0, 0, 0, 0, 0, 0, 0, 0, 1.464107e-02, 0, 0, -1.464107e-02, 0, 0, 0, -1.464107e-02, -5.124375e-02, 0, 0, -3.050223e-02, -3.050223e-02, 6.804799e-03, -5.804855e-02, -1.239334e-01, 8.760666e-01, -6.485335e-02, -6.485335e-02, -2.857779e-02, 5.908003e-02, -3.050223e-02, -9.343114e-02, -3.050223e-02, -1.239334e-01, 1.239334e-01, -9.914670e-02, 0, -2.478668e-02, -2.478668e-02, -2.478668e-02, -2.478668e-02, 0, -1.239334e-01, 0, 0, 0, -4.885369e-02, -1.022634e-02, 1.022634e-02, 0, 1.022634e-02, 1.316179e-20, -1.316179e-20, -1.316179e-20, 0, -5.942668e-04, 0, -1.708517e-03, 5.942668e-04, 1.683756e-03, -7.948319e-03, -1.022634e-02, -2.278023e-03, 2.278023e-03, 0, 0, -4.952224e-04, -9.904447e-05, 0, 0, 0, 5.695057e-04, -5.695057e-04, 5.695057e-04, 0, 0, 0, 0, 0, 0, 0, 0, -2.340167e-20, -2.340167e-20, 0, 0, 2.340167e-20, 0, 0, -7.320536e-03, 7.320536e-03, 
0, 0, -1.084202e-18, -4.336809e-19, -6.559423e-18, 2.255141e-17, 2.644670e-04, 2.644670e-04, 2.644670e-04, 2.644670e-04, 2.168404e-19, 0, 2.770221e-18, 6.738200e-18, -4.343624e-01, 1.819791e-01, 2.865040e-02, 0, 0, 0, 0, 0, 0, 0, 0, 0, 0, 0, 0, 0, 0, 0, -7.432098e-03, 0, 0, 7.432098e-03, 0, 0, 0, 7.432098e-03, 2.601234e-02, 0, 0, 1.548354e-02, 1.548354e-02, 1.243101e-01, -9.829780e-02, -6.485335e-02, -6.485335e-02, 7.773921e-01, -2.226079e-01, 1.422710e-01, -1.577546e-01, 1.548354e-02, -8.033689e-02, 1.548354e-02, -6.485335e-02, 6.485335e-02, -5.188268e-02, 0, -1.297067e-02, -1.297067e-02, -1.297067e-02, -1.297067e-02, 0, -6.485335e-02, 0, 0, 0, 1.304484e-01, 2.730622e-02, -2.730622e-02, 0, -2.730622e-02, -1.086951e-20, 1.086951e-20, 1.086951e-20, 0, 1.586802e-03, 0, 4.562056e-03, -1.586802e-03, -4.495939e-03, 2.122348e-02, 2.730622e-02, 6.082742e-03, -6.082742e-03, 0, 0, 1.322335e-03, 2.644670e-04, 0, 0, 0, -1.520685e-03, 1.520685e-03, -1.520685e-03, 0, 0, 0, 0, 0, 0, 0, 0, 2.180008e-20, 2.180008e-20, 0, 0, -2.180008e-20, 0, 0, 3.716049e-03, -3.716049e-03, 
0, 0, -2.385245e-18, -4.336809e-19, -1.344411e-17, 1.647987e-17, 2.644670e-04, 2.644670e-04, 2.644670e-04, 2.644670e-04, 2.168404e-19, 0, 2.770221e-18, 6.738200e-18, -4.343624e-01, 1.819791e-01, 2.865040e-02, 0, 0, 0, 0, 0, 0, 0, 0, 0, 0, 0, 0, 0, 0, 0, -7.432098e-03, 0, 0, 7.432098e-03, 0, 0, 0, 7.432098e-03, 2.601234e-02, 0, 0, 1.548354e-02, 1.548354e-02, 1.243101e-01, -9.829780e-02, -6.485335e-02, -6.485335e-02, -2.226079e-01, 7.773921e-01, 1.422710e-01, -1.577546e-01, 1.548354e-02, -8.033689e-02, 1.548354e-02, -6.485335e-02, 6.485335e-02, -5.188268e-02, 0, -1.297067e-02, -1.297067e-02, -1.297067e-02, -1.297067e-02, 0, -6.485335e-02, 0, 0, 0, 1.304484e-01, 2.730622e-02, -2.730622e-02, 0, -2.730622e-02, -1.086951e-20, 1.086951e-20, 1.086951e-20, 0, 1.586802e-03, 0, 4.562056e-03, -1.586802e-03, -4.495939e-03, 2.122348e-02, 2.730622e-02, 6.082742e-03, -6.082742e-03, 0, 0, 1.322335e-03, 2.644670e-04, 0, 0, 0, -1.520685e-03, 1.520685e-03, -1.520685e-03, 0, 0, 0, 0, 0, 0, 0, 0, 2.180008e-20, 2.180008e-20, 0, 0, -2.180008e-20, 0, 0, 3.716049e-03, -3.716049e-03, 
0, 0, -3.469447e-18, -5.204170e-18, 6.613633e-18, -4.082483e-01, -2.864188e-04, -2.864188e-04, -2.864188e-04, -2.864188e-04, -2.168404e-19, 0, -2.476089e-18, -1.760399e-18, 3.619687e-01, 8.018955e-02, 1.262487e-02, 0, 0, 0, 0, 0, 0, 0, 0, 0, 0, 0, 0, 0, 0, 0, 1.595413e-02, 0, 0, -1.595413e-02, 0, 0, 0, -1.595413e-02, -5.583946e-02, 0, 0, 1.334289e-01, 1.334289e-01, -9.905525e-02, 4.321579e-02, -2.857779e-02, -2.857779e-02, 1.422710e-01, 1.422710e-01, 6.957223e-01, 1.708488e-01, 1.334289e-01, -1.620067e-01, 1.334289e-01, -2.857779e-02, 2.857779e-02, -2.286223e-02, 0, -5.715558e-03, -5.715558e-03, -5.715558e-03, -5.715558e-03, 0, -2.857779e-02, 0, 0, 0, -1.412761e-01, -2.957275e-02, 2.957275e-02, 0, 2.957275e-02, 4.611124e-20, -4.611124e-20, -4.611124e-20, 0, -1.718513e-03, 0, -4.940725e-03, 1.718513e-03, 4.869120e-03, -2.298511e-02, -2.957275e-02, -6.587633e-03, 6.587633e-03, 0, 0, -1.432094e-03, -2.864188e-04, 0, 0, 0, 1.646908e-03, -1.646908e-03, 1.646908e-03, 0, 0, 0, 0, 0, 0, 0, 0, -1.762058e-20, -1.762058e-20, 0, 0, 1.762058e-20, 0, 0, -7.977065e-03, 7.977065e-03, 
0, 0, -1.734723e-18, 3.469447e-18, -5.204170e-18, 4.163336e-17, 3.635115e-04, 3.635115e-04, 3.635115e-04, 3.635115e-04, 0, 0, 2.368728e-18, 1.338365e-18, -4.343624e-01, -1.657791e-01, -2.609991e-02, 0, 0, 0, 0, 0, 0, 0, 0, 0, 0, 0, 0, 0, 0, 0, -2.207317e-02, 0, 0, 2.207317e-02, 0, 0, 0, 2.207317e-02, 7.725610e-02, 0, 0, 4.598577e-02, 4.598577e-02, 1.175053e-01, -4.024924e-02, 5.908003e-02, 5.908003e-02, -1.577546e-01, -1.577546e-01, 1.708488e-01, 7.831654e-01, 4.598577e-02, 1.309425e-02, 4.598577e-02, 5.908003e-02, -5.908003e-02, 4.726402e-02, 0, 1.181601e-02, 1.181601e-02, 1.181601e-02, 1.181601e-02, 0, 5.908003e-02, 0, 0, 0, 1.793020e-01, 3.753256e-02, -3.753256e-02, 0, -3.753256e-02, -4.604542e-20, 4.604542e-20, 4.604542e-20, 0, 2.181069e-03, 0, 6.270573e-03, -2.181069e-03, -6.179695e-03, 2.917180e-02, 3.753256e-02, 8.360764e-03, -8.360764e-03, 0, 0, 1.817557e-03, 3.635115e-04, 0, 0, 0, -2.090191e-03, 2.090191e-03, -2.090191e-03, 0, 0, 0, 0, 0, 0, 0, 0, 5.212855e-20, 5.212855e-20, 0, 0, -5.212855e-20, 0, 0, 1.103659e-02, -1.103659e-02, 
0, 0, -1.517883e-18, -4.336809e-19, -6.505213e-19, 4.082483e-01, -7.709266e-05, -7.709266e-05, -7.709266e-05, -7.709266e-05, -5.421011e-20, 0, -6.661914e-19, -4.422174e-19, 7.239373e-02, 8.558956e-02, 1.347504e-02, 0, 0, 0, 0, 0, 0, 0, 0, 0, 0, 0, 0, 0, 0, 0, 6.119041e-03, 0, 0, -6.119041e-03, 0, 0, 0, -6.119041e-03, -2.141664e-02, 0, 0, -1.794147e-01, -1.794147e-01, -1.845009e-02, -2.966552e-03, -3.050223e-02, -3.050223e-02, 1.548354e-02, 1.548354e-02, 1.334289e-01, 4.598577e-02, 8.205853e-01, 1.489124e-01, -1.794147e-01, -3.050223e-02, 3.050223e-02, -2.440179e-02, 0, -6.100447e-03, -6.100447e-03, -6.100447e-03, -6.100447e-03, 0, -3.050223e-02, 0, 0, 0, -3.802596e-02, -7.959817e-03, 7.959817e-03, 0, 7.959817e-03, 1.090362e-20, -1.090362e-20, -1.090362e-20, 0, -4.625560e-04, 0, -1.329848e-03, 4.625560e-04, 1.310575e-03, -6.186686e-03, -7.959817e-03, -1.773131e-03, 1.773131e-03, 0, 0, -3.854633e-04, -7.709266e-05, 0, 0, 0, 4.432828e-04, -4.432828e-04, 4.432828e-04, 0, 0, 0, 0, 0, 0, 0, 0, -1.006127e-20, -1.006127e-20, 0, 0, 1.006127e-20, 0, 0, -3.059520e-03, 3.059520e-03, 
0, 0, -6.505213e-18, -2.602085e-18, -2.656295e-18, -4.082483e-01, -2.195181e-05, -2.195181e-05, -2.195181e-05, -2.195181e-05, -1.897354e-19, 0, -7.770204e-19, -3.655841e-19, -7.239373e-02, 2.621687e-01, 4.127527e-02, 0, 0, 0, 0, 0, 0, 0, 0, 0, 0, 0, 0, 0, 0, 0, 8.522032e-03, 0, 0, -8.522032e-03, 0, 0, 0, -8.522032e-03, -2.982711e-02, 0, 0, 1.489124e-01, 1.489124e-01, 2.525489e-02, -5.508200e-02, -9.343114e-02, -9.343114e-02, -8.033689e-02, -8.033689e-02, -1.620067e-01, 1.309425e-02, 1.489124e-01, 7.576564e-01, 1.489124e-01, -9.343114e-02, 9.343114e-02, -7.474492e-02, 0, -1.868623e-02, -1.868623e-02, -1.868623e-02, -1.868623e-02, 0, -9.343114e-02, 0, 0, 0, -1.082773e-02, -2.266524e-03, 2.266524e-03, 0, 2.266524e-03, 1.490768e-21, -1.490768e-21, -1.490768e-21, 0, -1.317109e-04, 0, -3.786687e-04, 1.317109e-04, 3.731807e-04, -1.761633e-03, -2.266524e-03, -5.048916e-04, 5.048916e-04, 0, 0, -1.097590e-04, -2.195181e-05, 0, 0, 0, 1.262229e-04, -1.262229e-04, 1.262229e-04, 0, 0, 0, 0, 0, 0, 0, 0, -2.811121e-21, -2.811121e-21, 0, 0, 2.811121e-21, 0, 0, -4.261016e-03, 4.261016e-03, 
0, 0, -3.252607e-18, -1.734723e-18, -1.057097e-18, 4.082483e-01, -7.709266e-05, -7.709266e-05, -7.709266e-05, -7.709266e-05, -5.421011e-20, 0, -8.422154e-19, -2.549622e-18, 7.239373e-02, 8.558956e-02, 1.347504e-02, 0, 0, 0, 0, 0, 0, 0, 0, 0, 0, 0, 0, 0, 0, 0, 6.119041e-03, 0, 0, -6.119041e-03, 0, 0, 0, -6.119041e-03, -2.141664e-02, 0, 0, -1.794147e-01, -1.794147e-01, -1.845009e-02, -2.966552e-03, -3.050223e-02, -3.050223e-02, 1.548354e-02, 1.548354e-02, 1.334289e-01, 4.598577e-02, -1.794147e-01, 1.489124e-01, 8.205853e-01, -3.050223e-02, 3.050223e-02, -2.440179e-02, 0, -6.100447e-03, -6.100447e-03, -6.100447e-03, -6.100447e-03, 0, -3.050223e-02, 0, 0, 0, -3.802596e-02, -7.959817e-03, 7.959817e-03, 0, 7.959817e-03, 5.943046e-21, -5.943046e-21, -5.943046e-21, 0, -4.625560e-04, 0, -1.329848e-03, 4.625560e-04, 1.310575e-03, -6.186686e-03, -7.959817e-03, -1.773131e-03, 1.773131e-03, 0, 0, -3.854633e-04, -7.709266e-05, 0, 0, 0, 4.432828e-04, -4.432828e-04, 4.432828e-04, 0, 0, 0, 0, 0, 0, 0, 0, -1.578924e-20, -1.578924e-20, 0, 0, 1.578924e-20, 0, 0, -3.059520e-03, 3.059520e-03, 
0, 0, -3.035766e-18, -6.071532e-18, 3.306817e-18, -2.255141e-17, -9.904447e-05, -9.904447e-05, -9.904447e-05, -9.904447e-05, -1.084202e-19, 0, -2.089736e-18, -3.290379e-18, -5.242118e-17, 3.477582e-01, 5.475031e-02, 0, 0, 0, 0, 0, 0, 0, 0, 0, 0, 0, 0, 0, 0, 0, 1.464107e-02, 0, 0, -1.464107e-02, 0, 0, 0, -1.464107e-02, -5.124375e-02, 0, 0, -3.050223e-02, -3.050223e-02, 6.804799e-03, -5.804855e-02, -1.239334e-01, -1.239334e-01, -6.485335e-02, -6.485335e-02, -2.857779e-02, 5.908003e-02, -3.050223e-02, -9.343114e-02, -3.050223e-02, 8.760666e-01, 1.239334e-01, -9.914670e-02, 0, -2.478668e-02, -2.478668e-02, -2.478668e-02, -2.478668e-02, 0, -1.239334e-01, 0, 0, 0, -4.885369e-02, -1.022634e-02, 1.022634e-02, 0, 1.022634e-02, 1.316179e-20, -1.316179e-20, -1.316179e-20, 0, -5.942668e-04, 0, -1.708517e-03, 5.942668e-04, 1.683756e-03, -7.948319e-03, -1.022634e-02, -2.278023e-03, 2.278023e-03, 0, 0, -4.952224e-04, -9.904447e-05, 0, 0, 0, 5.695057e-04, -5.695057e-04, 5.695057e-04, 0, 0, 0, 0, 0, 0, 0, 0, -2.340167e-20, -2.340167e-20, 0, 0, 2.340167e-20, 0, 0, -7.320536e-03, 7.320536e-03, 
0, 0, 7.372575e-18, 5.204170e-18, -3.144186e-18, 2.428613e-17, 9.904447e-05, 9.904447e-05, 9.904447e-05, 9.904447e-05, 3.252607e-19, 0, 1.737370e-18, 5.113194e-18, 5.293617e-17, -3.477582e-01, -5.475031e-02, 0, 0, 0, 0, 0, 0, 0, 0, 0, 0, 0, 0, 0, 0, 0, -1.464107e-02, 0, 0, 1.464107e-02, 0, 0, 0, 1.464107e-02, 5.124375e-02, 0, 0, 3.050223e-02, 3.050223e-02, -6.804799e-03, 5.804855e-02, 1.239334e-01, 1.239334e-01, 6.485335e-02, 6.485335e-02, 2.857779e-02, -5.908003e-02, 3.050223e-02, 9.343114e-02, 3.050223e-02, 1.239334e-01, 8.760666e-01, 9.914670e-02, 0, 2.478668e-02, 2.478668e-02, 2.478668e-02, 2.478668e-02, 0, 1.239334e-01, 0, 0, 0, 4.885369e-02, 1.022634e-02, -1.022634e-02, 0, -1.022634e-02, -1.211349e-20, 1.211349e-20, 1.211349e-20, 0, 5.942668e-04, 0, 1.708517e-03, -5.942668e-04, -1.683756e-03, 7.948319e-03, 1.022634e-02, 2.278023e-03, -2.278023e-03, 0, 0, 4.952224e-04, 9.904447e-05, 0, 0, 0, -5.695057e-04, 5.695057e-04, -5.695057e-04, 0, 0, 0, 0, 0, 0, 0, 0, 1.767370e-20, 1.767370e-20, 0, 0, -1.767370e-20, 0, 0, 7.320536e-03, -7.320536e-03, 
0, 0, -5.204170e-18, -3.469447e-18, 2.656295e-18, -1.214306e-17, -7.923558e-05, -7.923558e-05, -7.923558e-05, -7.923558e-05, -2.168404e-19, 0, -1.425451e-18, -2.244121e-18, -3.806905e-17, 3.477582e-01, -3.979718e-01, 0, 0, 0, 0, 0, 0, 0, 0, 0, 0, 0, 0, 0, 0, 0, 1.171286e-02, 0, 0, -1.171286e-02, 0, 0, 0, -1.171286e-02, -4.099500e-02, 0, 0, -2.440179e-02, -2.440179e-02, 5.443840e-03, -4.643884e-02, -9.914670e-02, -9.914670e-02, -5.188268e-02, -5.188268e-02, -2.286223e-02, 4.726402e-02, -2.440179e-02, -7.474492e-02, -2.440179e-02, -9.914670e-02, 9.914670e-02, 7.206826e-01, 0, 1.801707e-01, 1.801707e-01, 1.801707e-01, 1.801707e-01, 0, -9.914670e-02, 0, 0, 0, -3.908295e-02, -8.181073e-03, 8.181073e-03, 0, 8.181073e-03, 1.048830e-20, -1.048830e-20, -1.048830e-20, 0, -4.754135e-04, 0, -1.366814e-03, 4.754135e-04, 1.347005e-03, -6.358655e-03, -8.181073e-03, -1.822418e-03, 1.822418e-03, 0, 0, -3.961779e-04, -7.923558e-05, 0, 0, 0, 4.556046e-04, -4.556046e-04, 4.556046e-04, 0, 0, 0, 0, 0, 0, 0, 0, -1.457333e-20, -1.457333e-20, 0, 0, 1.457333e-20, 0, 0, -5.856429e-03, 5.856429e-03, 
0, 0, 0, 0, 0, 0, 0, 0, 0, 0, 0, 0, 0, 0, 0, 0, 0, 0, 0, 0, 0, 0, 0, 0, 0, 0, 0, 0, 0, 0, 0, 0, 0, 0, 0, 0, 0, 0, 0, 0, 0, 0, 0, 0, 0, 0, 0, 0, 0, 0, 0, 0, 0, 0, 0, 0, 0, 0, 0, 1, 0, 0, 0, 0, 0, 0, 0, 0, 0, 0, 0, 0, 0, 0, 0, 0, 0, 0, 0, 0, 0, 0, 0, 0, 0, 0, 0, 0, 0, 0, 0, 0, 0, 0, 0, 0, 0, 0, 0, 0, 0, 0, 0, 0, 0, 0, 0, 0, 0, 0, 0, 0, 0, 0, 
0, 0, -8.673617e-19, -1.301043e-18, 1.084202e-18, -3.469447e-18, -1.980889e-05, -1.980889e-05, -1.980889e-05, -1.980889e-05, -4.065758e-20, 0, -2.645125e-19, -1.108137e-18, -7.724940e-18, -8.916885e-17, 4.527221e-01, 0, 0, 0, 0, 0, 0, 0, 0, 0, 0, 0, 0, 0, 0, 0, 2.928214e-03, 0, 0, -2.928214e-03, 0, 0, 0, -2.928214e-03, -1.024875e-02, 0, 0, -6.100447e-03, -6.100447e-03, 1.360960e-03, -1.160971e-02, -2.478668e-02, -2.478668e-02, -1.297067e-02, -1.297067e-02, -5.715558e-03, 1.181601e-02, -6.100447e-03, -1.868623e-02, -6.100447e-03, -2.478668e-02, 2.478668e-02, 1.801707e-01, 0, 7.950427e-01, -2.049573e-01, -2.049573e-01, -2.049573e-01, 0, -2.478668e-02, 0, 0, 0, -9.770737e-03, -2.045268e-03, 2.045268e-03, 0, 2.045268e-03, 1.241489e-21, -1.241489e-21, -1.241489e-21, 0, -1.188534e-04, 0, -3.417034e-04, 1.188534e-04, 3.367512e-04, -1.589664e-03, -2.045268e-03, -4.556046e-04, 4.556046e-04, 0, 0, -9.904447e-05, -1.980889e-05, 0, 0, 0, 1.139011e-04, -1.139011e-04, 1.139011e-04, 0, 0, 0, 0, 0, 0, 0, 0, -2.716669e-21, -2.716669e-21, 0, 0, 2.716669e-21, 0, 0, -1.464107e-03, 1.464107e-03, 
0, 0, -8.673617e-19, -1.301043e-18, 1.084202e-18, -3.469447e-18, -1.980889e-05, -1.980889e-05, -1.980889e-05, -1.980889e-05, -4.065758e-20, 0, -2.645125e-19, -1.108137e-18, -7.724940e-18, -8.916885e-17, 4.527221e-01, 0, 0, 0, 0, 0, 0, 0, 0, 0, 0, 0, 0, 0, 0, 0, 2.928214e-03, 0, 0, -2.928214e-03, 0, 0, 0, -2.928214e-03, -1.024875e-02, 0, 0, -6.100447e-03, -6.100447e-03, 1.360960e-03, -1.160971e-02, -2.478668e-02, -2.478668e-02, -1.297067e-02, -1.297067e-02, -5.715558e-03, 1.181601e-02, -6.100447e-03, -1.868623e-02, -6.100447e-03, -2.478668e-02, 2.478668e-02, 1.801707e-01, 0, -2.049573e-01, 7.950427e-01, -2.049573e-01, -2.049573e-01, 0, -2.478668e-02, 0, 0, 0, -9.770737e-03, -2.045268e-03, 2.045268e-03, 0, 2.045268e-03, 1.241489e-21, -1.241489e-21, -1.241489e-21, 0, -1.188534e-04, 0, -3.417034e-04, 1.188534e-04, 3.367512e-04, -1.589664e-03, -2.045268e-03, -4.556046e-04, 4.556046e-04, 0, 0, -9.904447e-05, -1.980889e-05, 0, 0, 0, 1.139011e-04, -1.139011e-04, 1.139011e-04, 0, 0, 0, 0, 0, 0, 0, 0, -2.716669e-21, -2.716669e-21, 0, 0, 2.716669e-21, 0, 0, -1.464107e-03, 1.464107e-03, 
0, 0, -8.673617e-19, -1.301043e-18, 1.084202e-18, -3.469447e-18, -1.980889e-05, -1.980889e-05, -1.980889e-05, -1.980889e-05, -4.065758e-20, 0, -2.645125e-19, -1.108137e-18, -7.724940e-18, -8.916885e-17, 4.527221e-01, 0, 0, 0, 0, 0, 0, 0, 0, 0, 0, 0, 0, 0, 0, 0, 2.928214e-03, 0, 0, -2.928214e-03, 0, 0, 0, -2.928214e-03, -1.024875e-02, 0, 0, -6.100447e-03, -6.100447e-03, 1.360960e-03, -1.160971e-02, -2.478668e-02, -2.478668e-02, -1.297067e-02, -1.297067e-02, -5.715558e-03, 1.181601e-02, -6.100447e-03, -1.868623e-02, -6.100447e-03, -2.478668e-02, 2.478668e-02, 1.801707e-01, 0, -2.049573e-01, -2.049573e-01, 7.950427e-01, -2.049573e-01, 0, -2.478668e-02, 0, 0, 0, -9.770737e-03, -2.045268e-03, 2.045268e-03, 0, 2.045268e-03, 1.241489e-21, -1.241489e-21, -1.241489e-21, 0, -1.188534e-04, 0, -3.417034e-04, 1.188534e-04, 3.367512e-04, -1.589664e-03, -2.045268e-03, -4.556046e-04, 4.556046e-04, 0, 0, -9.904447e-05, -1.980889e-05, 0, 0, 0, 1.139011e-04, -1.139011e-04, 1.139011e-04, 0, 0, 0, 0, 0, 0, 0, 0, -2.716669e-21, -2.716669e-21, 0, 0, 2.716669e-21, 0, 0, -1.464107e-03, 1.464107e-03, 
0, 0, -8.673617e-19, -1.301043e-18, 1.084202e-18, -3.469447e-18, -1.980889e-05, -1.980889e-05, -1.980889e-05, -1.980889e-05, -4.065758e-20, 0, -2.645125e-19, -1.108137e-18, -7.724940e-18, -8.916885e-17, 4.527221e-01, 0, 0, 0, 0, 0, 0, 0, 0, 0, 0, 0, 0, 0, 0, 0, 2.928214e-03, 0, 0, -2.928214e-03, 0, 0, 0, -2.928214e-03, -1.024875e-02, 0, 0, -6.100447e-03, -6.100447e-03, 1.360960e-03, -1.160971e-02, -2.478668e-02, -2.478668e-02, -1.297067e-02, -1.297067e-02, -5.715558e-03, 1.181601e-02, -6.100447e-03, -1.868623e-02, -6.100447e-03, -2.478668e-02, 2.478668e-02, 1.801707e-01, 0, -2.049573e-01, -2.049573e-01, -2.049573e-01, 7.950427e-01, 0, -2.478668e-02, 0, 0, 0, -9.770737e-03, -2.045268e-03, 2.045268e-03, 0, 2.045268e-03, 1.241489e-21, -1.241489e-21, -1.241489e-21, 0, -1.188534e-04, 0, -3.417034e-04, 1.188534e-04, 3.367512e-04, -1.589664e-03, -2.045268e-03, -4.556046e-04, 4.556046e-04, 0, 0, -9.904447e-05, -1.980889e-05, 0, 0, 0, 1.139011e-04, -1.139011e-04, 1.139011e-04, 0, 0, 0, 0, 0, 0, 0, 0, -2.716669e-21, -2.716669e-21, 0, 0, 2.716669e-21, 0, 0, -1.464107e-03, 1.464107e-03, 
0, 0, 0, 0, 0, 0, 0, 0, 0, 0, 0, 0, 0, 0, 0, 0, 0, 0, 0, 0, 0, 0, 0, 0, 0, 0, 0, 0, 0, 0, 0, 0, 0, 0, 0, 0, 0, 0, 0, 0, 0, 0, 0, 0, 0, 0, 0, 0, 0, 0, 0, 0, 0, 0, 0, 0, 0, 0, 0, 0, 0, 0, 0, 0, 1, 0, 0, 0, 0, 0, 0, 0, 0, 0, 0, 0, 0, 0, 0, 0, 0, 0, 0, 0, 0, 0, 0, 0, 0, 0, 0, 0, 0, 0, 0, 0, 0, 0, 0, 0, 0, 0, 0, 0, 0, 0, 0, 0, 0, 0, 0, 0, 0, 0, 
0, 0, -7.372575e-18, -5.204170e-18, 3.144186e-18, -2.428613e-17, -9.904447e-05, -9.904447e-05, -9.904447e-05, -9.904447e-05, -3.252607e-19, 0, -1.737370e-18, -5.113194e-18, -5.293617e-17, 3.477582e-01, 5.475031e-02, 0, 0, 0, 0, 0, 0, 0, 0, 0, 0, 0, 0, 0, 0, 0, 1.464107e-02, 0, 0, -1.464107e-02, 0, 0, 0, -1.464107e-02, -5.124375e-02, 0, 0, -3.050223e-02, -3.050223e-02, 6.804799e-03, -5.804855e-02, -1.239334e-01, -1.239334e-01, -6.485335e-02, -6.485335e-02, -2.857779e-02, 5.908003e-02, -3.050223e-02, -9.343114e-02, -3.050223e-02, -1.239334e-01, 1.239334e-01, -9.914670e-02, 0, -2.478668e-02, -2.478668e-02, -2.478668e-02, -2.478668e-02, 0, 8.760666e-01, 0, 0, 0, -4.885369e-02, -1.022634e-02, 1.022634e-02, 0, 1.022634e-02, 1.211349e-20, -1.211349e-20, -1.211349e-20, 0, -5.942668e-04, 0, -1.708517e-03, 5.942668e-04, 1.683756e-03, -7.948319e-03, -1.022634e-02, -2.278023e-03, 2.278023e-03, 0, 0, -4.952224e-04, -9.904447e-05, 0, 0, 0, 5.695057e-04, -5.695057e-04, 5.695057e-04, 0, 0, 0, 0, 0, 0, 0, 0, -1.767370e-20, -1.767370e-20, 0, 0, 1.767370e-20, 0, 0, -7.320536e-03, 7.320536e-03, 
0, 0, 0, 0, 0, 0, 0, 0, 0, 0, 0, 0, 0, 0, 0, 0, 0, 0, 0, 0, 0, 0, 0, 0, 0, 0, 0, 0, 0, 0, 0, 0, 0, 0, 0, 0, 0, 0, 0, 0, 0, 0, 0, 0, 0, 0, 0, 0, 0, 0, 0, 0, 0, 0, 0, 0, 0, 0, 0, 0, 0, 0, 0, 0, 0, 0, 1, 0, 0, 0, 0, 0, 0, 0, 0, 0, 0, 0, 0, 0, 0, 0, 0, 0, 0, 0, 0, 0, 0, 0, 0, 0, 0, 0, 0, 0, 0, 0, 0, 0, 0, 0, 0, 0, 0, 0, 0, 0, 0, 0, 0, 0, 0, 0, 
0, 0, 0, 0, 0, 0, 0, 0, 0, 0, 0, 0, 0, 0, 0, 0, 0, 0, 0, 0, 0, 0, 0, 0, 0, 0, 0, 0, 0, 0, 0, 0, 0, 0, 0, 0, 0, 0, 0, 0, 0, 0, 0, 0, 0, 0, 0, 0, 0, 0, 0, 0, 0, 0, 0, 0, 0, 0, 0, 0, 0, 0, 0, 0, 0, 0, 0, 1, 0, 0, 0, 0, 0, 0, 0, 0, 0, 0, 0, 0, 0, 0, 0, 0, 0, 0, 0, 0, 0, 0, 0, 0, 0, 0, 0, 0, 0, 0, 0, 0, 0, 0, 0, 0, 0, 0, 0, 0, 0, 0, 0, 0, 0, 0, 
0, 0, 0, 0, 0, 0, 0, 0, 0, 0, 0, 0, 0, 0, 0, 0, 0, 0, 0, 0, 0, 0, 0, 0, 0, 0, 0, 0, 0, 0, 0, 0, 0, 0, 0, 0, 0, 0, 0, 0, 0, 0, 0, 0, 0, 0, 0, 0, 0, 0, 0, 0, 0, 0, 0, 0, 0, 0, 0, 0, 0, 0, 0, 0, 0, 0, 0, 0, 1, 0, 0, 0, 0, 0, 0, 0, 0, 0, 0, 0, 0, 0, 0, 0, 0, 0, 0, 0, 0, 0, 0, 0, 0, 0, 0, 0, 0, 0, 0, 0, 0, 0, 0, 0, 0, 0, 0, 0, 0, 0, 0, 0, 0, 0, 
0, 0, 8.673617e-19, -8.673617e-19, 2.385245e-18, -3.469447e-17, 1.375856e-03, 1.375856e-03, 1.375856e-03, 1.375856e-03, -1.734723e-18, 0, -6.793204e-19, -4.160445e-01, 3.591773e-01, 1.370839e-01, 2.158219e-02, 0, 0, 0, 0, 0, 0, 0, 0, 0, 0, 0, 0, 0, 0, 0, 1.825246e-02, 0, 0, -1.825246e-02, 0, 0, 0, -1.825246e-02, -6.388361e-02, 0, 0, -3.802596e-02, -3.802596e-02, -9.716598e-02, 3.328238e-02, -4.885369e-02, -4.885369e-02, 1.304484e-01, 1.304484e-01, -1.412761e-01, 1.793020e-01, -3.802596e-02, -1.082773e-02, -3.802596e-02, -4.885369e-02, 4.885369e-02, -3.908295e-02, 0, -9.770737e-03, -9.770737e-03, -9.770737e-03, -9.770737e-03, 0, -4.885369e-02, 0, 0, 0, 6.786408e-01, 1.420571e-01, -1.420571e-01, 0, -1.420571e-01, -9.518422e-20, 9.518422e-20, 9.518422e-20, 0, 8.255134e-03, 0, 2.373351e-02, -8.255134e-03, -2.338955e-02, 1.104124e-01, 1.420571e-01, 3.164468e-02, -3.164468e-02, 0, 0, 6.879279e-03, 1.375856e-03, 0, 0, 0, -7.911171e-03, 7.911171e-03, -7.911171e-03, 0, 0, 0, 0, 0, 0, 0, 0, 2.531005e-19, 2.531005e-19, 0, 0, -2.531005e-19, 0, 0, -9.126229e-03, 9.126229e-03, 
0, 0, -7.589415e-19, -2.168404e-19, -2.710505e-20, -3.469447e-18, -1.739367e-03, -1.739367e-03, -1.739367e-03, -1.739367e-03, 1.734723e-18, 0, -7.435255e-18, 4.160445e-01, 7.518511e-02, 2.869521e-02, 4.517712e-03, 0, 0, 0, 0, 0, 0, 0, 0, 0, 0, 0, 0, 0, 0, 0, 3.820712e-03, 0, 0, -3.820712e-03, 0, 0, 0, -3.820712e-03, -1.337249e-02, 0, 0, -7.959817e-03, -7.959817e-03, -2.033936e-02, 6.966864e-03, -1.022634e-02, -1.022634e-02, 2.730622e-02, 2.730622e-02, -2.957275e-02, 3.753256e-02, -7.959817e-03, -2.266524e-03, -7.959817e-03, -1.022634e-02, 1.022634e-02, -8.181073e-03, 0, -2.045268e-03, -2.045268e-03, -2.045268e-03, -2.045268e-03, 0, -1.022634e-02, 0, 0, 0, 1.420571e-01, 8.204103e-01, 1.795897e-01, 0, 1.795897e-01, 1.473689e-19, -1.473689e-19, -1.473689e-19, 0, -1.043620e-02, 0, -3.000408e-02, 1.043620e-02, 2.956924e-02, -1.395842e-01, -1.795897e-01, -4.000545e-02, 4.000545e-02, 0, 0, -8.696836e-03, -1.739367e-03, 0, 0, 0, 1.000136e-02, -1.000136e-02, 1.000136e-02, 0, 0, 0, 0, 0, 0, 0, 0, -3.387743e-19, -3.387743e-19, 0, 0, 3.387743e-19, 0, 0, -1.910356e-03, 1.910356e-03, 
